date,daily_partial,daily_full,daily_booster,daily_booster2,Dose 1,Dose 2,Booster 1,Booster 2
24/2/2021,66,3,0,0,66,3,0,0
25/2/2021,1150,2,0,0,1216,5,0,0
26/2/2021,4109,3,0,0,5325,8,0,0
27/2/2021,6721,6,0,0,12046,14,0,0
28/2/2021,6719,6,0,0,18765,20,0,0
1/3/2021,15397,6,0,0,34162,26,0,0
2/3/2021,21670,4,0,0,55832,30,0,0
3/3/2021,22686,6,0,0,78518,36,0,0
4/3/2021,19509,17,0,0,98027,53,0,0
5/3/2021,14372,6,0,0,112399,59,0,0
6/3/2021,15846,4,0,0,128245,63,0,0
7/3/2021,12603,7,0,0,140848,70,0,0
8/3/2021,27197,17,0,0,168045,87,0,0
9/3/2021,30068,63,0,0,198113,150,0,0
10/3/2021,28772,12,0,0,226885,162,0,0
11/3/2021,26510,12,0,0,253395,174,0,0
12/3/2021,26122,10,0,0,279517,184,0,0
13/3/2021,17061,3,0,0,296578,187,0,0
14/3/2021,10311,5,0,0,306889,192,0,0
15/3/2021,20392,3,0,0,327281,195,0,0
16/3/2021,25474,7,0,0,352755,202,0,0
17/3/2021,20797,67,0,0,373552,269,0,0
18/3/2021,17315,798,0,0,390867,1067,0,0
19/3/2021,10742,3836,0,0,401609,4903,0,0
20/3/2021,7701,6114,0,0,409310,11017,0,0
21/3/2021,9715,5855,0,0,419025,16872,0,0
22/3/2021,9718,14577,0,0,428743,31449,0,0
23/3/2021,8303,20865,0,0,437046,52314,0,0
24/3/2021,6291,22831,0,0,443337,75145,0,0
25/3/2021,6436,19369,0,0,449773,94514,0,0
26/3/2021,3939,12817,0,0,453712,107331,0,0
27/3/2021,1703,14449,0,0,455415,121780,0,0
28/3/2021,3684,12939,0,0,459099,134719,0,0
29/3/2021,7865,27375,0,0,466964,162094,0,0
30/3/2021,11530,29423,0,0,478494,191517,0,0
31/3/2021,9948,27523,0,0,488442,219040,0,0
1/4/2021,15911,26562,0,0,504353,245602,0,0
2/4/2021,7571,22910,0,0,511924,268512,0,0
3/4/2021,2676,14752,0,0,514600,283264,0,0
4/4/2021,6031,9173,0,0,520631,292437,0,0
5/4/2021,9205,19499,0,0,529836,311936,0,0
6/4/2021,11030,21694,0,0,540866,333630,0,0
7/4/2021,12725,18328,0,0,553591,351958,0,0
8/4/2021,12095,14811,0,0,565686,366769,0,0
9/4/2021,7225,14396,0,0,572911,381165,0,0
10/4/2021,5674,10074,0,0,578585,391239,0,0
11/4/2021,12477,10720,0,0,591062,401959,0,0
12/4/2021,25372,13961,0,0,616434,415920,0,0
13/4/2021,16812,7701,0,0,633246,423621,0,0
14/4/2021,20944,7752,0,0,654190,431373,0,0
15/4/2021,18103,9170,0,0,672293,440543,0,0
16/4/2021,15626,3927,0,0,687919,444470,0,0
17/4/2021,8577,1114,0,0,696496,445584,0,0
18/4/2021,6163,3768,0,0,702659,449352,0,0
19/4/2021,24673,8496,0,0,727332,457848,0,0
20/4/2021,22085,11297,0,0,749417,469145,0,0
21/4/2021,15843,11886,0,0,765260,481031,0,0
22/4/2021,14397,15190,0,0,779657,496221,0,0
23/4/2021,12222,6701,0,0,791879,502922,0,0
24/4/2021,7991,3484,0,0,799870,506406,0,0
25/4/2021,9115,5740,0,0,808985,512146,0,0
26/4/2021,21373,8946,0,0,830358,521092,0,0
27/4/2021,22826,11900,0,0,853184,532992,0,0
28/4/2021,26474,13268,0,0,879658,546260,0,0
29/4/2021,6472,6069,0,0,886130,552329,0,0
30/4/2021,17799,8915,0,0,903929,561244,0,0
1/5/2021,2932,2575,0,0,906861,563819,0,0
2/5/2021,7660,8124,0,0,914521,571943,0,0
3/5/2021,24543,26751,0,0,939064,598694,0,0
4/5/2021,30143,19701,0,0,969207,618395,0,0
5/5/2021,32144,22914,0,0,1001351,641309,0,0
6/5/2021,37104,18789,0,0,1038455,660098,0,0
7/5/2021,32370,15494,0,0,1070825,675592,0,0
8/5/2021,18725,8449,0,0,1089550,684041,0,0
9/5/2021,25934,6606,0,0,1115484,690647,0,0
10/5/2021,36753,24882,0,0,1152237,715529,0,0
11/5/2021,30557,18459,0,0,1182794,733988,0,0
12/5/2021,10352,7831,0,0,1193146,741819,0,0
13/5/2021,113,11,0,0,1193259,741830,0,0
14/5/2021,61,9,0,0,1193320,741839,0,0
15/5/2021,10401,604,0,0,1203721,742443,0,0
16/5/2021,10048,334,0,0,1213769,742777,0,0
17/5/2021,32528,28217,0,0,1246297,770994,0,0
18/5/2021,45886,32416,0,0,1292183,803410,0,0
19/5/2021,50274,34161,0,0,1342457,837571,0,0
20/5/2021,59359,22016,0,0,1401816,859587,0,0
21/5/2021,42299,18916,0,0,1444115,878503,0,0
22/5/2021,43378,3370,0,0,1487493,881873,0,0
23/5/2021,38075,8436,0,0,1525568,890309,0,0
24/5/2021,69797,26161,0,0,1595365,916470,0,0
25/5/2021,69933,30810,0,0,1665298,947280,0,0
26/5/2021,20558,1912,0,0,1685856,949192,0,0
27/5/2021,58953,49695,0,0,1744809,998887,0,0
28/5/2021,46995,27639,0,0,1791804,1026526,0,0
29/5/2021,51162,15095,0,0,1842966,1041621,0,0
30/5/2021,38442,24450,0,0,1881408,1066071,0,0
31/5/2021,67699,28736,0,0,1949107,1094807,0,0
1/6/2021,75547,24474,0,0,2024654,1119281,0,0
2/6/2021,97127,9902,0,0,2121781,1129183,0,0
3/6/2021,111510,7890,0,0,2233291,1137073,0,0
4/6/2021,86512,4995,0,0,2319803,1142068,0,0
5/6/2021,72279,1407,0,0,2392082,1143475,0,0
6/6/2021,81242,1620,0,0,2473324,1145095,0,0
7/6/2021,60871,5109,0,0,2534195,1150204,0,0
8/6/2021,108600,46455,0,0,2642795,1196659,0,0
9/6/2021,116410,40826,0,0,2759205,1237485,0,0
10/6/2021,113868,47528,0,0,2873073,1285013,0,0
11/6/2021,96413,30313,0,0,2969486,1315326,0,0
12/6/2021,103473,34216,0,0,3072959,1349542,0,0
13/6/2021,105051,27029,0,0,3178010,1376571,0,0
14/6/2021,148080,55981,0,0,3326090,1432552,0,0
15/6/2021,167190,56286,0,0,3493280,1488838,0,0
16/6/2021,206405,8310,0,0,3699685,1497148,0,0
17/6/2021,185215,44493,0,0,3884900,1541641,0,0
18/6/2021,153176,32794,0,0,4038076,1574435,0,0
19/6/2021,135957,36354,0,0,4174033,1610789,0,0
20/6/2021,122549,24258,0,0,4296582,1635047,0,0
21/6/2021,190607,54802,0,0,4487189,1689849,0,0
22/6/2021,199286,61097,0,0,4686475,1750946,0,0
23/6/2021,185458,80216,0,0,4871933,1831162,0,0
24/6/2021,183075,94875,0,0,5055008,1926037,0,0
25/6/2021,154907,68324,0,0,5209915,1994361,0,0
26/6/2021,142781,56422,0,0,5352696,2050783,0,0
27/6/2021,111794,66264,0,0,5464490,2117047,0,0
28/6/2021,166599,43676,0,0,5631089,2160723,0,0
29/6/2021,158927,85564,0,0,5790016,2246287,0,0
30/6/2021,174097,96868,0,0,5964113,2343155,0,0
1/7/2021,183760,86642,0,0,6147873,2429797,0,0
2/7/2021,170248,70752,0,0,6318121,2500549,0,0
3/7/2021,144825,79430,0,0,6462946,2579979,0,0
4/7/2021,135102,80882,0,0,6598048,2660861,0,0
5/7/2021,206624,121556,0,0,6804672,2782417,0,0
6/7/2021,216938,139381,0,0,7021610,2921798,0,0
7/7/2021,218885,176687,0,0,7240495,3098485,0,0
8/7/2021,230088,160727,0,0,7470583,3259212,0,0
9/7/2021,220790,129915,0,0,7691373,3389127,0,0
10/7/2021,219807,116868,0,0,7911180,3505995,0,0
11/7/2021,194826,103488,0,0,8106006,3609483,0,0
12/7/2021,271991,163147,0,0,8377997,3772630,0,0
13/7/2021,268530,171528,0,0,8646527,3944158,0,0
14/7/2021,295356,164191,0,0,8941883,4108349,0,0
15/7/2021,317925,161398,0,0,9259808,4269747,0,0
16/7/2021,283955,134317,0,0,9543763,4404064,0,0
17/7/2021,264795,132932,0,0,9808558,4536996,0,0
18/7/2021,252670,104232,0,0,10061228,4641228,0,0
19/7/2021,288935,154669,0,0,10350163,4795897,0,0
20/7/2021,208636,103555,0,0,10558799,4899452,0,0
21/7/2021,289205,170692,0,0,10848004,5070144,0,0
22/7/2021,343503,176982,0,0,11191507,5247126,0,0
23/7/2021,314772,164700,0,0,11506279,5411826,0,0
24/7/2021,296092,137702,0,0,11802371,5549528,0,0
25/7/2021,292609,125155,0,0,12094980,5674683,0,0
26/7/2021,342973,195778,0,0,12437953,5870461,0,0
27/7/2021,366764,206036,0,0,12804717,6076497,0,0
28/7/2021,375667,207370,0,0,13180384,6283867,0,0
29/7/2021,363287,218751,0,0,13543671,6502618,0,0
30/7/2021,333284,203233,0,0,13876955,6705851,0,0
31/7/2021,336818,207727,0,0,14213773,6913578,0,0
1/8/2021,310696,185712,0,0,14524469,7099290,0,0
2/8/2021,237143,252365,0,0,14761612,7351655,0,0
3/8/2021,254190,251109,0,0,15015802,7602764,0,0
4/8/2021,243055,273664,0,0,15258857,7876428,0,0
5/8/2021,236143,303160,0,0,15495000,8179588,0,0
6/8/2021,205559,266105,0,0,15700559,8445693,0,0
7/8/2021,205151,247405,0,0,15905710,8693098,0,0
8/8/2021,172408,239888,0,0,16078118,8932986,0,0
9/8/2021,203659,285025,0,0,16281777,9218011,0,0
10/8/2021,177226,202014,0,0,16459003,9420025,0,0
11/8/2021,245275,274987,0,0,16704278,9695012,0,0
12/8/2021,218665,334257,0,0,16922943,10029269,0,0
13/8/2021,186144,311555,0,0,17109087,10340824,0,0
14/8/2021,181753,289979,0,0,17290840,10630803,0,0
15/8/2021,158750,282035,0,0,17449590,10912838,0,0
16/8/2021,191471,335682,0,0,17641061,11248520,0,0
17/8/2021,199521,350604,0,0,17840582,11599124,0,0
18/8/2021,207639,365260,0,0,18048221,11964384,0,0
19/8/2021,197367,352454,0,0,18245588,12316838,0,0
20/8/2021,173569,342048,0,0,18419157,12658886,0,0
21/8/2021,175744,326321,0,0,18594901,12985207,0,0
22/8/2021,150614,314907,0,0,18745515,13300114,0,0
23/8/2021,162824,256251,0,0,18908339,13556365,0,0
24/8/2021,170562,276935,0,0,19078901,13833300,0,0
25/8/2021,176890,275682,0,0,19255791,14108982,0,0
26/8/2021,173042,267514,0,0,19428833,14376496,0,0
27/8/2021,159808,218503,0,0,19588641,14594999,0,0
28/8/2021,163595,210582,0,0,19752236,14805581,0,0
29/8/2021,155064,178261,0,0,19907300,14983842,0,0
30/8/2021,196491,196282,0,0,20103791,15180124,0,0
31/8/2021,129472,158519,0,0,20233263,15338643,0,0
1/9/2021,202095,229607,4,0,20435358,15568250,4,0
2/9/2021,197385,207959,7,0,20632743,15776209,11,0
3/9/2021,157319,202595,2,0,20790062,15978804,13,0
4/9/2021,148314,188500,6,0,20938376,16167304,19,0
5/9/2021,145985,171282,3,0,21084361,16338586,22,0
6/9/2021,143533,200417,3,0,21227894,16539003,25,0
7/9/2021,144740,207733,2,0,21372634,16746736,27,0
8/9/2021,139022,213409,7,0,21511656,16960145,34,0
9/9/2021,145658,208238,2,0,21657314,17168383,36,0
10/9/2021,120039,198229,4,0,21777353,17366612,40,0
11/9/2021,96682,190275,46,0,21874035,17556887,86,0
12/9/2021,84521,166445,95,0,21958556,17723332,181,0
13/9/2021,78657,173607,2,0,22037213,17896939,183,0
14/9/2021,78453,190006,3,0,22115666,18086945,186,0
15/9/2021,74764,199708,6,0,22190430,18286653,192,0
16/9/2021,66451,154689,1,0,22256881,18441342,193,0
17/9/2021,81258,182565,6,0,22338139,18623907,199,0
18/9/2021,79119,176437,1,0,22417258,18800344,200,0
19/9/2021,66677,172583,1,0,22483935,18972927,201,0
20/9/2021,101536,211524,2,0,22585471,19184451,203,0
21/9/2021,127631,148566,5,0,22713102,19333017,208,0
22/9/2021,126893,214892,3,0,22839995,19547909,211,0
23/9/2021,139317,209165,2,0,22979312,19757074,213,0
24/9/2021,123601,169014,2,0,23102913,19926088,215,0
25/9/2021,120209,158497,5,0,23223122,20084585,220,0
26/9/2021,121184,162719,7,0,23344306,20247304,227,0
27/9/2021,176224,162236,5,0,23520530,20409540,232,0
28/9/2021,173982,170809,9,0,23694512,20580349,241,0
29/9/2021,197311,158766,6,0,23891823,20739115,247,0
30/9/2021,171610,172544,17,0,24063433,20911659,264,0
1/10/2021,105849,143592,21,0,24169282,21055251,285,0
2/10/2021,92877,131393,6,0,24262159,21186644,291,0
3/10/2021,99395,119024,7,0,24361554,21305668,298,0
4/10/2021,130185,106809,122,0,24491739,21412477,420,0
5/10/2021,126101,109024,107,0,24617840,21521501,527,0
6/10/2021,115743,104178,41,0,24733583,21625679,568,0
7/10/2021,110190,95293,67,0,24843773,21720972,635,0
8/10/2021,76030,108311,613,0,24919803,21829283,1248,0
9/10/2021,41134,110857,22,0,24960937,21940140,1270,0
10/10/2021,33131,104411,5,0,24994068,22044551,1275,0
11/10/2021,54229,142479,42,0,25048297,22187030,1317,0
12/10/2021,57437,160193,195,0,25105734,22347223,1512,0
13/10/2021,53287,162650,2220,0,25159021,22509873,3732,0
14/10/2021,42370,171390,3331,0,25201391,22681263,7063,0
15/10/2021,37304,138479,10410,0,25238695,22819742,17473,0
16/10/2021,16463,118287,3627,1,25255158,22938029,21100,1
17/10/2021,17048,123015,2732,0,25272206,23061044,23832,1
18/10/2021,33114,175009,9228,0,25305320,23236053,33060,1
19/10/2021,15211,123527,1412,1,25320531,23359580,34472,2
20/10/2021,31127,220904,17333,1,25351658,23580484,51805,3
21/10/2021,32712,194639,20580,0,25384370,23775123,72385,3
22/10/2021,28114,120187,18886,0,25412484,23895310,91271,3
23/10/2021,11991,100884,8386,1,25424475,23996194,99657,4
24/10/2021,11468,112079,8625,1,25435943,24108273,108282,5
25/10/2021,24078,146918,22344,2,25460021,24255191,130626,7
26/10/2021,25205,141992,22779,4,25485226,24397183,153405,11
27/10/2021,19723,128661,28291,9,25504949,24525844,181696,20
28/10/2021,19831,120975,53142,589,25524780,24646819,234838,609
29/10/2021,15612,84592,45782,288,25540392,24731411,280620,897
30/10/2021,7203,51985,21127,107,25547595,24783396,301747,1004
31/10/2021,6557,44102,16996,78,25554152,24827498,318743,1082
1/11/2021,9732,58469,44711,224,25563884,24885967,363454,1306
2/11/2021,9679,59209,57882,304,25573563,24945176,421336,1610
3/11/2021,8673,45219,65652,266,25582236,24990395,486988,1876
4/11/2021,3124,19709,21431,77,25585360,25010104,508419,1953
5/11/2021,5903,32042,48462,163,25591263,25042146,556881,2116
6/11/2021,5022,14077,25809,124,25596285,25056223,582690,2240
7/11/2021,3746,14872,22718,68,25600031,25071095,605408,2308
8/11/2021,6694,45987,60309,229,25606725,25117082,665717,2537
9/11/2021,8357,31947,79246,332,25615082,25149029,744963,2869
10/11/2021,8238,40142,87621,305,25623320,25189171,832584,3174
11/11/2021,9025,45458,94808,324,25632345,25234629,927392,3498
12/11/2021,7757,35140,76209,265,25640102,25269769,1003601,3763
13/11/2021,3728,16705,39105,184,25643830,25286474,1042706,3947
14/11/2021,3591,11604,31546,75,25647421,25298078,1074252,4022
15/11/2021,6251,27792,72453,298,25653672,25325870,1146705,4320
16/11/2021,6960,26941,91272,385,25660632,25352811,1237977,4705
17/11/2021,6490,21579,94541,310,25667122,25374390,1332518,5015
18/11/2021,7402,21802,99205,318,25674524,25396192,1431723,5333
19/11/2021,6899,18028,84095,307,25681423,25414220,1515818,5640
20/11/2021,3203,6775,38495,118,25684626,25420995,1554313,5758
21/11/2021,2762,5317,31150,72,25687388,25426312,1585463,5830
22/11/2021,5277,12551,95155,268,25692665,25438863,1680618,6098
23/11/2021,5516,11192,123291,354,25698181,25450055,1803909,6452
24/11/2021,5435,9144,128636,336,25703616,25459199,1932545,6788
25/11/2021,6045,6470,131290,328,25709661,25465669,2063835,7116
26/11/2021,5097,7098,104324,216,25714758,25472767,2168159,7332
27/11/2021,2639,5649,48558,124,25717397,25478416,2216717,7456
28/11/2021,2185,3837,37874,68,25719582,25482253,2254591,7524
29/11/2021,4677,7278,100373,301,25724259,25489531,2354964,7825
30/11/2021,4838,9223,125254,327,25729097,25498754,2480218,8152
1/12/2021,4870,8673,133474,360,25733967,25507427,2613692,8512
2/12/2021,5544,9496,139910,376,25739511,25516923,2753602,8888
3/12/2021,4520,7305,117863,269,25744031,25524228,2871465,9157
4/12/2021,3294,4863,64015,151,25747325,25529091,2935480,9308
5/12/2021,1760,3429,52189,130,25749085,25532520,2987669,9438
6/12/2021,4935,7039,90571,307,25754020,25539559,3078240,9745
7/12/2021,4793,7325,117600,399,25758813,25546884,3195840,10144
8/12/2021,4909,6974,118765,323,25763722,25553858,3314605,10467
9/12/2021,5011,8420,132880,373,25768733,25562278,3447485,10840
10/12/2021,3941,7517,117169,68,25772674,25569795,3564654,10908
11/12/2021,1467,2908,69802,59,25774141,25572703,3634456,10967
12/12/2021,1504,2558,65733,92,25775645,25575261,3700189,11059
13/12/2021,4115,5583,124368,95,25779760,25580844,3824557,11154
14/12/2021,4158,5667,156918,107,25783918,25586511,3981475,11261
15/12/2021,4260,5855,164843,88,25788178,25592366,4146318,11349
16/12/2021,4466,6689,166512,120,25792644,25599055,4312830,11469
17/12/2021,3120,5188,157420,127,25795764,25604243,4470250,11596
18/12/2021,1181,2394,70477,46,25796945,25606637,4540727,11642
19/12/2021,1346,2278,77598,205,25798291,25608915,4618325,11847
20/12/2021,3393,4772,141720,516,25801684,25613687,4760045,12363
21/12/2021,3311,4800,164101,412,25804995,25618487,4924146,12775
22/12/2021,3310,5041,173495,259,25808305,25623528,5097641,13034
23/12/2021,3626,5658,173046,395,25811931,25629186,5270687,13429
24/12/2021,2315,4197,138127,366,25814246,25633383,5408814,13795
25/12/2021,527,1441,24283,90,25814773,25634824,5433097,13885
26/12/2021,880,1566,63356,170,25815653,25636390,5496453,14055
27/12/2021,3351,5478,124286,327,25819004,25641868,5620739,14382
28/12/2021,3496,5113,149079,385,25822500,25646981,5769818,14767
29/12/2021,3452,5304,181663,226,25825952,25652285,5951481,14993
30/12/2021,3496,5131,201527,402,25829448,25657416,6153008,15395
31/12/2021,2793,4774,178671,288,25832241,25662190,6331679,15683
1/1/2022,544,911,40901,131,25832785,25663101,6372580,15814
2/1/2022,1376,1537,93882,222,25834161,25664638,6466462,16036
3/1/2022,2876,4188,207101,388,25837037,25668826,6673563,16424
4/1/2022,2944,4297,239469,283,25839981,25673123,6913032,16707
5/1/2022,2847,4360,243480,250,25842828,25677483,7156512,16957
6/1/2022,3008,4884,250227,280,25845836,25682367,7406739,17237
7/1/2022,2802,3697,215468,281,25848638,25686064,7622207,17518
8/1/2022,1275,1316,125282,532,25849913,25687380,7747489,18050
9/1/2022,985,1670,110108,285,25850898,25689050,7857597,18335
10/1/2022,2197,3495,222423,371,25853095,25692545,8080020,18706
11/1/2022,2231,3343,252769,354,25855326,25695888,8332789,19060
12/1/2022,2098,3470,255491,252,25857424,25699358,8588280,19312
13/1/2022,2247,3666,266346,347,25859671,25703024,8854626,19659
14/1/2022,1817,2393,235362,371,25861488,25705417,9089988,20030
15/1/2022,1038,964,168208,368,25862526,25706381,9258196,20398
16/1/2022,898,916,147979,353,25863424,25707297,9406175,20751
17/1/2022,2010,3320,242467,450,25865434,25710617,9648642,21201
18/1/2022,1085,1575,130603,396,25866519,25712192,9779245,21597
19/1/2022,2041,4703,266944,233,25868560,25716895,10046189,21830
20/1/2022,1827,3629,247810,317,25870387,25720524,10293999,22147
21/1/2022,1569,2953,197003,842,25871956,25723477,10491002,22989
22/1/2022,1070,808,158422,658,25873026,25724285,10649424,23647
23/1/2022,828,1122,132100,332,25873854,25725407,10781524,23979
24/1/2022,1927,2981,202891,446,25875781,25728388,10984415,24425
25/1/2022,2210,2905,213394,276,25877991,25731293,11197809,24701
26/1/2022,1719,2669,208714,240,25879710,25733962,11406523,24941
27/1/2022,1735,2891,204886,330,25881445,25736853,11611409,25271
28/1/2022,1701,2781,178835,407,25883146,25739634,11790244,25678
29/1/2022,764,1008,98772,195,25883910,25740642,11889016,25873
30/1/2022,527,861,81504,188,25884437,25741503,11970520,26061
31/1/2022,1012,1780,95969,297,25885449,25743283,12066489,26358
1/2/2022,225,354,28741,69,25885674,25743637,12095230,26427
2/2/2022,277,508,29863,79,25885951,25744145,12125093,26506
3/2/2022,2564,2838,98263,261,25888515,25746983,12223356,26767
4/2/2022,2790,1927,87912,208,25891305,25748910,12311268,26975
5/2/2022,16031,905,58434,154,25907336,25749815,12369702,27129
6/2/2022,16593,851,53502,115,25923929,25750666,12423204,27244
7/2/2022,9774,2465,111394,339,25933703,25753131,12534598,27583
8/2/2022,11271,1710,144810,356,25944974,25754841,12679408,27939
9/2/2022,14683,2309,153783,380,25959657,25757150,12833191,28319
10/2/2022,18985,2051,157345,364,25978642,25759201,12990536,28683
11/2/2022,21501,1836,141640,371,26000143,25761037,13132176,29054
12/2/2022,40458,886,106228,309,26040601,25761923,13238404,29363
13/2/2022,36035,854,84353,249,26076636,25762777,13322757,29612
14/2/2022,39782,1780,111861,321,26116418,25764557,13434618,29933
15/2/2022,43446,1997,112926,271,26159864,25766554,13547544,30204
16/2/2022,46286,1917,120064,289,26206150,25768471,13667608,30493
17/2/2022,55293,1867,120435,265,26261443,25770338,13788043,30758
18/2/2022,44844,1798,116304,322,26306287,25772136,13904347,31080
19/2/2022,74238,761,79516,215,26380525,25772897,13983863,31295
20/2/2022,62103,572,68073,189,26442628,25773469,14051936,31484
21/2/2022,53948,1226,86136,208,26496576,25774695,14138072,31692
22/2/2022,53406,757,98061,313,26549982,25775452,14236133,32005
23/2/2022,49568,660,97246,268,26599550,25776112,14333379,32273
24/2/2022,49051,1144,90771,266,26648601,25777256,14424150,32539
25/2/2022,45800,1177,88706,382,26694401,25778433,14512856,32921
26/2/2022,56310,937,64710,168,26750711,25779370,14577566,33089
27/2/2022,42837,855,60006,132,26793548,25780225,14637572,33221
28/2/2022,35278,1493,82797,269,26828826,25781718,14720369,33490
1/3/2022,27266,1457,75771,307,26856092,25783175,14796140,33797
2/3/2022,27740,1600,71489,216,26883832,25784775,14867629,34013
3/3/2022,24421,1654,73154,293,26908253,25786429,14940783,34306
4/3/2022,23720,1794,58698,164,26931973,25788223,14999481,34470
5/3/2022,30994,1250,38417,150,26962967,25789473,15037898,34620
6/3/2022,25008,1128,32616,96,26987975,25790601,15070514,34716
7/3/2022,16559,1985,47295,194,27004534,25792586,15117809,34910
8/3/2022,20041,2142,48747,177,27024575,25794728,15166556,35087
9/3/2022,19193,1977,43402,108,27043768,25796705,15209958,35195
10/3/2022,20599,1999,43910,137,27064367,25798704,15253868,35332
11/3/2022,24495,2014,33414,124,27088862,25800718,15287282,35456
12/3/2022,26600,1535,20736,71,27115462,25802253,15308018,35527
13/3/2022,23900,1604,20748,77,27139362,25803857,15328766,35604
14/3/2022,14992,2364,36375,124,27154354,25806221,15365141,35728
15/3/2022,18579,2027,38518,121,27172933,25808248,15403659,35849
16/3/2022,13549,2191,34077,187,27186482,25810439,15437736,36036
17/3/2022,14094,2393,31472,110,27200576,25812832,15469208,36146
18/3/2022,19423,1918,21091,112,27219999,25814750,15490299,36258
19/3/2022,16509,1405,18275,54,27236508,25816155,15508574,36312
20/3/2022,10782,1288,16906,58,27247290,25817443,15525480,36370
21/3/2022,5161,1894,22471,88,27252451,25819337,15547951,36458
22/3/2022,6731,1614,22086,79,27259182,25820951,15570037,36537
23/3/2022,6396,1616,21033,125,27265578,25822567,15591070,36662
24/3/2022,6976,1882,21379,64,27272554,25824449,15612449,36726
25/3/2022,13111,1573,19636,79,27285665,25826022,15632085,36805
26/3/2022,13843,1117,18159,65,27299508,25827139,15650244,36870
27/3/2022,6777,958,17388,55,27306285,25828097,15667632,36925
28/3/2022,4813,1934,36961,124,27311098,25830031,15704593,37049
29/3/2022,6276,1816,42094,174,27317374,25831847,15746687,37223
30/3/2022,5758,1638,46770,176,27323132,25833485,15793457,37399
31/3/2022,7785,2181,49908,161,27330917,25835666,15843365,37560
1/4/2022,10975,2979,22756,99,27341892,25838645,15866121,37659
2/4/2022,9585,6109,11994,44,27351477,25844754,15878115,37703
3/4/2022,2841,10877,4331,12,27354318,25855631,15882446,37715
4/4/2022,3346,9197,11526,57,27357664,25864828,15893972,37772
5/4/2022,3408,9473,12224,63,27361072,25874301,15906196,37835
6/4/2022,3570,12722,11639,61,27364642,25887023,15917835,37896
7/4/2022,4535,16175,11188,61,27369177,25903198,15929023,37957
8/4/2022,7308,21755,8787,34,27376485,25924953,15937810,37991
9/4/2022,7526,30417,6991,28,27384011,25955370,15944801,38019
10/4/2022,4333,30321,6501,38,27388344,25985691,15951302,38057
11/4/2022,4875,33927,10447,61,27393219,26019618,15961749,38118
12/4/2022,5014,35110,8620,69,27398233,26054728,15970369,38187
13/4/2022,6069,36835,7891,40,27404302,26091563,15978260,38227
14/4/2022,9229,44617,8329,63,27413531,26136180,15986589,38290
15/4/2022,12147,41859,5953,94,27425678,26178039,15992542,38384
16/4/2022,15718,63909,4596,142,27441396,26241948,15997138,38526
17/4/2022,11874,47920,3658,130,27453270,26289868,16000796,38656
18/4/2022,9842,43081,6503,232,27463112,26332949,16007299,38888
19/4/2022,8168,37538,4902,260,27471280,26370487,16012201,39148
20/4/2022,12097,47302,5735,313,27483377,26417789,16017936,39461
21/4/2022,15042,43764,7135,358,27498419,26461553,16025071,39819
22/4/2022,17502,46873,5003,397,27515921,26508426,16030074,40216
23/4/2022,18645,58166,3339,325,27534566,26566592,16033413,40541
24/4/2022,12629,41046,2950,268,27547195,26607638,16036363,40809
25/4/2022,8389,28719,4673,616,27555584,26636357,16041036,41425
26/4/2022,7642,24552,4880,644,27563226,26660909,16045916,42069
27/4/2022,8830,24459,4475,750,27572056,26685368,16050391,42819
28/4/2022,8825,21828,4412,817,27580881,26707196,16054803,43636
29/4/2022,11534,27239,3143,798,27592415,26734435,16057946,44434
30/4/2022,7779,28221,2049,419,27600194,26762656,16059995,44853
1/5/2022,2366,10413,549,254,27602560,26773069,16060544,45107
2/5/2022,798,1704,354,326,27603358,26774773,16060898,45433
3/5/2022,637,1149,244,236,27603995,26775922,16061142,45669
4/5/2022,717,1571,472,448,27604712,26777493,16061614,46117
5/5/2022,2320,8257,1686,1520,27607032,26785750,16063300,47637
6/5/2022,4564,14513,1575,1485,27611596,26800263,16064875,49122
7/5/2022,5161,18568,1344,908,27616757,26818831,16066219,50030
8/5/2022,8172,20602,1471,756,27624929,26839433,16067690,50786
9/5/2022,8827,17987,2893,2379,27633756,26857420,16070583,53165
10/5/2022,10338,17346,3497,2598,27644094,26874766,16074080,55763
11/5/2022,13125,16488,3651,2894,27657219,26891254,16077731,58657
12/5/2022,18039,19210,4317,2594,27675258,26910464,16082048,61251
13/5/2022,23092,29520,3012,2016,27698350,26939984,16085060,63267
14/5/2022,17986,27353,2341,1601,27716336,26967337,16087401,64868
15/5/2022,10132,14335,1313,809,27726468,26981672,16088714,65677
16/5/2022,2774,5608,1830,1828,27729242,26987280,16090544,67505
17/5/2022,3586,9756,2858,2514,27732828,26997036,16093402,70019
18/5/2022,3611,7192,2633,2339,27736439,27004228,16096035,72358
19/5/2022,4833,8559,3263,2566,27741272,27012787,16099298,74924
20/5/2022,8122,14060,2124,1606,27749394,27026847,16101422,76530
21/5/2022,8378,14646,1541,1077,27757772,27041493,16102963,77607
22/5/2022,6418,8874,1389,824,27764190,27050367,16104352,78431
23/5/2022,3811,5006,2000,1559,27768001,27055373,16106352,79990
24/5/2022,4138,5442,2448,1868,27772139,27060815,16108800,81858
25/5/2022,4153,5422,2333,1700,27776292,27066237,16111133,83558
26/5/2022,6566,6460,3277,1878,27782858,27072697,16114410,85436
27/5/2022,9271,11065,2035,1511,27792129,27083762,16116445,86947
28/5/2022,8789,10626,1288,1039,27800918,27094388,16117733,87986
29/5/2022,7177,6996,1120,647,27808095,27101384,16118853,88633
30/5/2022,5885,4811,2101,1556,27813980,27106195,16120954,90189
31/5/2022,8018,4727,2247,1788,27821998,27110922,16123201,91977
1/6/2022,860,2692,1653,1211,27822858,27113614,16124854,93188
2/6/2022,967,4206,1548,1148,27823825,27117820,16126402,94336
3/6/2022,2249,6855,1223,918,27826074,27124675,16127625,95254
4/6/2022,2176,5689,832,713,27828250,27130364,16128457,95967
5/6/2022,1600,3187,605,449,27829850,27133551,16129062,96416
6/6/2022,362,1348,463,514,27830212,27134899,16129525,96930
7/6/2022,599,3746,1853,1156,27830811,27138645,16131378,98086
8/6/2022,710,3847,1607,1062,27831521,27142492,16132985,99148
9/6/2022,758,5887,2091,1390,27832279,27148379,16135076,100538
10/6/2022,1222,9645,1947,1123,27833501,27158024,16137023,101661
11/6/2022,862,10747,825,818,27834363,27168771,16137848,102479
12/6/2022,1092,6540,693,527,27835455,27175311,16138541,103006
13/6/2022,446,5578,1279,945,27835901,27180889,16139820,103951
14/6/2022,772,4781,1667,1182,27836673,27185670,16141487,105133
15/6/2022,1331,6305,1284,1105,27838004,27191975,16142771,106238
16/6/2022,614,9688,1583,1130,27838618,27201663,16144354,107368
17/6/2022,938,14850,1278,1166,27839556,27216513,16145632,108534
18/6/2022,1231,13984,857,887,27840787,27230497,16146489,109421
19/6/2022,930,9120,545,448,27841717,27239617,16147034,109869
20/6/2022,603,5289,1291,866,27842320,27244906,16148325,110735
21/6/2022,732,5004,1370,1133,27843052,27249910,16149695,111868
22/6/2022,1166,6669,1352,1534,27844218,27256579,16151047,113402
23/6/2022,2429,8146,1443,2062,27846647,27264725,16152490,115464
24/6/2022,2954,13559,1394,2398,27849601,27278284,16153884,117862
25/6/2022,1283,9744,789,1828,27850884,27288028,16154673,119690
26/6/2022,876,5196,546,1392,27851760,27293224,16155219,121082
27/6/2022,326,2260,1024,2488,27852086,27295484,16156243,123570
28/6/2022,256,1753,1211,2761,27852342,27297237,16157454,126331
29/6/2022,340,1845,1125,2499,27852682,27299082,16158579,128830
30/6/2022,575,3450,1611,2921,27853257,27302532,16160190,131751
1/7/2022,1073,5274,1009,2634,27854330,27307806,16161199,134385
2/7/2022,1042,4980,621,2417,27855372,27312786,16161820,136802
3/7/2022,433,5257,688,1643,27855805,27318043,16162508,138445
4/7/2022,275,3534,1076,2469,27856080,27321577,16163584,140914
5/7/2022,563,4579,1063,2839,27856643,27326156,16164647,143753
6/7/2022,251,6725,1036,2812,27856894,27332881,16165683,146565
7/7/2022,633,10622,1316,3880,27857527,27343503,16166999,150445
8/7/2022,670,13358,1155,4588,27858197,27356861,16168154,155033
9/7/2022,415,6534,762,5108,27858612,27363395,16168916,160141
10/7/2022,483,1690,303,3178,27859095,27365085,16169219,163319
11/7/2022,99,1097,397,3690,27859194,27366182,16169616,167009
12/7/2022,214,2456,997,7222,27859408,27368638,16170613,174231
13/7/2022,290,3511,1110,8409,27859698,27372149,16171723,182640
14/7/2022,686,4608,1578,10086,27860384,27376757,16173301,192726
15/7/2022,655,9703,1450,10901,27861039,27386460,16174751,203627
16/7/2022,589,9814,997,8326,27861628,27396274,16175748,211953
17/7/2022,464,6160,840,5704,27862092,27402434,16176588,217657
18/7/2022,324,3090,1419,8117,27862416,27405524,16178007,225774
19/7/2022,354,3374,1467,8784,27862770,27408898,16179474,234558
20/7/2022,276,3213,1453,10883,27863046,27412111,16180927,245441
21/7/2022,449,5638,1978,12141,27863495,27417749,16182905,257582
22/7/2022,662,9136,1508,11475,27864157,27426885,16184413,269057
23/7/2022,1037,8077,1053,8454,27865194,27434962,16185466,277511
24/7/2022,707,4593,787,6983,27865901,27439555,16186253,284494
25/7/2022,266,3314,1336,10200,27866167,27442869,16187589,294694
26/7/2022,338,4601,1419,10527,27866505,27447470,16189008,305221
27/7/2022,246,2517,1444,10061,27866751,27449987,16190452,315282
28/7/2022,411,4046,1942,10457,27867162,27454033,16192394,325739
29/7/2022,723,6527,1560,11109,27867885,27460560,16193954,336848
30/7/2022,413,3461,988,6205,27868298,27464021,16194942,343053
31/7/2022,845,2888,703,4671,27869143,27466909,16195645,347724
1/8/2022,208,1250,1051,6007,27869351,27468159,16196696,353731
2/8/2022,311,997,1186,6641,27869662,27469156,16197882,360372
3/8/2022,494,1185,1122,6449,27870156,27470341,16199004,366821
4/8/2022,425,2206,1392,6988,27870581,27472547,16200396,373809
5/8/2022,513,2984,1312,7172,27871094,27475531,16201708,380981
6/8/2022,981,2382,815,4316,27872075,27477913,16202523,385297
7/8/2022,269,1212,639,2583,27872344,27479125,16203162,387880
8/8/2022,254,713,964,4447,27872598,27479838,16204126,392327
9/8/2022,289,716,1205,4862,27872887,27480554,16205331,397189
10/8/2022,276,1084,982,4925,27873163,27481638,16206313,402114
11/8/2022,333,1390,1349,5177,27873496,27483028,16207662,407291
12/8/2022,613,1978,1173,5933,27874109,27485006,16208835,413224
13/8/2022,628,2383,799,3367,27874737,27487389,16209634,416591
14/8/2022,247,1406,630,2022,27874984,27488795,16210264,418613
15/8/2022,220,448,806,3083,27875204,27489243,16211070,421696
16/8/2022,205,614,984,3304,27875409,27489857,16212054,425000
17/8/2022,317,727,1101,3828,27875726,27490584,16213155,428828
18/8/2022,405,1798,1232,4184,27876131,27492382,16214387,433012
19/8/2022,596,2641,1166,4783,27876727,27495023,16215553,437795
20/8/2022,395,1408,733,2931,27877122,27496431,16216286,440726
21/8/2022,246,1342,479,1335,27877368,27497773,16216765,442061
22/8/2022,286,465,978,2292,27877654,27498238,16217743,444353
23/8/2022,249,371,798,2815,27877903,27498609,16218541,447168
24/8/2022,266,430,943,3790,27878169,27499039,16219484,450958
25/8/2022,486,807,1068,2973,27878655,27499846,16220552,453931
26/8/2022,531,1300,925,3563,27879186,27501146,16221477,457494
27/8/2022,349,1509,683,1923,27879535,27502655,16222160,459417
28/8/2022,209,662,535,973,27879744,27503317,16222695,460390
29/8/2022,224,296,872,1942,27879968,27503613,16223567,462332
30/8/2022,151,259,754,2764,27880119,27503872,16224321,465096
31/8/2022,73,247,236,880,27880192,27504119,16224557,465976
1/9/2022,289,432,904,2229,27880481,27504551,16225461,468205
2/9/2022,515,769,911,2899,27880996,27505320,16226372,471104
3/9/2022,277,627,490,1341,27881273,27505947,16226862,472445
4/9/2022,186,334,360,624,27881459,27506281,16227222,473069
5/9/2022,318,214,547,1242,27881777,27506495,16227769,474311
6/9/2022,541,248,641,1311,27882318,27506743,16228410,475622
7/9/2022,628,303,726,1522,27882946,27507046,16229136,477144
8/9/2022,429,481,959,2774,27883375,27507527,16230095,479918
9/9/2022,483,837,672,2173,27883858,27508364,16230767,482091
10/9/2022,321,645,353,1132,27884179,27509009,16231120,483223
11/9/2022,131,348,277,606,27884310,27509357,16231397,483829
12/9/2022,105,221,489,983,27884415,27509578,16231886,484812
13/9/2022,160,338,699,1331,27884575,27509916,16232585,486143
14/9/2022,316,270,694,1429,27884891,27510186,16233279,487572
15/9/2022,330,523,1059,2108,27885221,27510709,16234338,489680
16/9/2022,178,327,294,563,27885399,27511036,16234632,490243
17/9/2022,229,540,315,732,27885628,27511576,16234947,490975
18/9/2022,112,271,199,380,27885740,27511847,16235146,491355
19/9/2022,112,208,506,782,27885852,27512055,16235652,492137
20/9/2022,166,250,742,1234,27886018,27512305,16236394,493371
21/9/2022,122,297,539,1132,27886140,27512602,16236933,494503
22/9/2022,278,451,1058,1447,27886418,27513053,16237991,495950
23/9/2022,405,864,676,2029,27886823,27513917,16238667,497979
24/9/2022,219,565,499,1047,27887042,27514482,16239166,499026
25/9/2022,151,320,297,444,27887193,27514802,16239463,499470
26/9/2022,94,187,470,780,27887287,27514989,16239933,500250
27/9/2022,137,340,539,866,27887424,27515329,16240472,501116
28/9/2022,180,477,478,806,27887604,27515806,16240950,501922
29/9/2022,244,308,869,1039,27887848,27516114,16241819,502961
30/9/2022,333,644,824,1747,27888181,27516758,16242643,504708
1/10/2022,338,467,319,651,27888519,27517225,16242962,505359
2/10/2022,128,223,235,380,27888647,27517448,16243197,505739
3/10/2022,156,114,371,391,27888803,27517562,16243568,506130
4/10/2022,144,162,450,592,27888947,27517724,16244018,506722
5/10/2022,120,195,497,692,27889067,27517919,16244515,507414
6/10/2022,171,260,617,835,27889238,27518179,16245132,508249
7/10/2022,227,415,497,962,27889465,27518594,16245629,509211
8/10/2022,246,585,359,394,27889711,27519179,16245988,509605
9/10/2022,73,132,126,140,27889784,27519311,16246114,509745
10/10/2022,60,128,258,238,27889844,27519439,16246372,509983
11/10/2022,78,150,475,467,27889922,27519589,16246847,510450
12/10/2022,104,176,545,681,27890026,27519765,16247392,511131
13/10/2022,178,285,735,660,27890204,27520050,16248127,511791
14/10/2022,252,508,457,717,27890456,27520558,16248584,512508
15/10/2022,237,408,370,362,27890693,27520966,16248954,512870
16/10/2022,76,170,181,174,27890769,27521136,16249135,513044
17/10/2022,90,162,410,352,27890859,27521298,16249545,513396
18/10/2022,166,149,457,449,27891025,27521447,16250002,513845
19/10/2022,78,116,377,531,27891103,27521563,16250379,514376
20/10/2022,166,308,576,1385,27891269,27521871,16250955,515761
21/10/2022,261,365,439,704,27891530,27522236,16251394,516465
22/10/2022,176,247,353,302,27891706,27522483,16251747,516767
23/10/2022,132,116,192,145,27891838,27522599,16251939,516912
24/10/2022,28,123,111,150,27891866,27522722,16252050,517062
25/10/2022,59,128,288,301,27891925,27522850,16252338,517363
26/10/2022,115,125,363,514,27892040,27522975,16252701,517877
27/10/2022,189,243,547,668,27892229,27523218,16253248,518545
28/10/2022,208,333,367,559,27892437,27523551,16253615,519104
29/10/2022,228,312,322,301,27892665,27523863,16253937,519405
30/10/2022,101,201,162,144,27892766,27524064,16254099,519549
31/10/2022,91,111,284,749,27892857,27524175,16254383,520298
1/11/2022,62,55,372,821,27892919,27524230,16254755,521119
2/11/2022,98,102,525,1193,27893017,27524332,16255280,522312
3/11/2022,229,160,502,1728,27893246,27524492,16255782,524040
4/11/2022,254,318,556,2006,27893500,27524810,16256338,526046
5/11/2022,237,298,323,1407,27893737,27525108,16256661,527453
6/11/2022,112,151,223,664,27893849,27525259,16256884,528117
7/11/2022,57,44,283,2263,27893906,27525303,16257167,530380
8/11/2022,68,111,361,2317,27893974,27525414,16257528,532697
9/11/2022,115,137,406,2997,27894089,27525551,16257934,535694
10/11/2022,141,206,500,3283,27894230,27525757,16258434,538977
11/11/2022,395,304,614,4081,27894625,27526061,16259048,543058
12/11/2022,296,283,418,2796,27894921,27526344,16259466,545854
13/11/2022,133,129,194,1501,27895054,27526473,16259660,547355
14/11/2022,76,43,369,3202,27895130,27526516,16260029,550557
15/11/2022,132,55,475,3006,27895262,27526571,16260504,553563
16/11/2022,146,62,637,3737,27895408,27526633,16261141,557300
17/11/2022,161,195,777,4212,27895569,27526828,16261918,561512
18/11/2022,212,226,350,2490,27895781,27527054,16262268,564002
19/11/2022,46,56,101,545,27895827,27527110,16262369,564547
20/11/2022,92,113,124,1015,27895919,27527223,16262493,565562
21/11/2022,66,45,428,2100,27895985,27527268,16262921,567662
22/11/2022,100,79,420,2154,27896085,27527347,16263341,569816
23/11/2022,69,117,425,2585,27896154,27527464,16263766,572401
24/11/2022,223,306,588,3028,27896377,27527770,16264354,575429
25/11/2022,325,380,560,2826,27896702,27528150,16264914,578255
26/11/2022,267,254,426,1908,27896969,27528404,16265340,580163
27/11/2022,132,118,210,996,27897101,27528522,16265550,581159
28/11/2022,45,44,224,1469,27897146,27528566,16265774,582628
29/11/2022,148,75,443,1847,27897294,27528641,16266217,584475
30/11/2022,128,137,442,2508,27897422,27528778,16266659,586983
1/12/2022,186,164,592,2535,27897608,27528942,16267251,589518
2/12/2022,234,264,593,2206,27897842,27529206,16267844,591724
3/12/2022,181,238,385,1370,27898023,27529444,16268229,593094
4/12/2022,90,110,214,868,27898113,27529554,16268443,593962
5/12/2022,51,54,422,1418,27898164,27529608,16268865,595380
6/12/2022,72,92,536,1646,27898236,27529700,16269401,597026
7/12/2022,86,118,564,1843,27898322,27529818,16269965,598869
8/12/2022,138,117,803,3097,27898460,27529935,16270768,601966
9/12/2022,311,295,630,2558,27898771,27530230,16271398,604524
10/12/2022,218,219,294,1099,27898989,27530449,16271692,605623
11/12/2022,88,102,173,510,27899077,27530551,16271865,606133
12/12/2022,44,54,467,1502,27899121,27530605,16272332,607635
13/12/2022,66,52,490,1416,27899187,27530657,16272822,609051
14/12/2022,76,79,421,1720,27899263,27530736,16273243,610771
15/12/2022,265,280,593,1855,27899528,27531016,16273836,612626
16/12/2022,237,266,521,1852,27899765,27531282,16274357,614478
17/12/2022,182,165,372,1230,27899947,27531447,16274729,615708
18/12/2022,73,103,149,534,27900020,27531550,16274878,616242
19/12/2022,72,43,318,847,27900092,27531593,16275196,617089
20/12/2022,93,63,491,1480,27900185,27531656,16275687,618569
21/12/2022,89,50,397,1129,27900274,27531706,16276084,619698
22/12/2022,116,111,463,1575,27900390,27531817,16276547,621273
23/12/2022,204,246,405,1260,27900594,27532063,16276952,622533
24/12/2022,115,127,157,584,27900709,27532190,16277109,623117
25/12/2022,28,63,63,163,27900737,27532253,16277172,623280
26/12/2022,54,53,205,896,27900791,27532306,16277377,624176
27/12/2022,97,80,430,1232,27900888,27532386,16277807,625408
28/12/2022,81,116,400,1658,27900969,27532502,16278207,627066
29/12/2022,153,195,588,2422,27901122,27532697,16278795,629488
30/12/2022,252,291,545,2381,27901374,27532988,16279340,631869
31/12/2022,195,232,281,1782,27901569,27533220,16279621,633651
1/1/2023,40,32,162,1021,27901609,27533252,16279783,634672
2/1/2023,55,41,331,2558,27901664,27533293,16280114,637230
3/1/2023,61,44,473,3649,27901725,27533337,16280587,640879
4/1/2023,92,69,615,4867,27901817,27533406,16281202,645746
5/1/2023,130,114,895,6835,27901947,27533520,16282097,652581
6/1/2023,317,318,859,6218,27902264,27533838,16282956,658799
7/1/2023,321,256,559,4201,27902585,27534094,16283515,663000
8/1/2023,152,113,354,2829,27902737,27534207,16283869,665829
9/1/2023,112,68,800,7662,27902849,27534275,16284669,673491
10/1/2023,96,69,861,7558,27902945,27534344,16285530,681049
11/1/2023,96,83,936,8743,27903041,27534427,16286466,689792
12/1/2023,178,120,1175,10884,27903219,27534547,16287641,700676
13/1/2023,352,339,1218,11098,27903571,27534886,16288859,711774
14/1/2023,247,258,597,4568,27903818,27535144,16289456,716342
15/1/2023,129,118,477,3458,27903947,27535262,16289933,719800
16/1/2023,75,67,848,6709,27904022,27535329,16290781,726509
17/1/2023,81,71,924,7080,27904103,27535400,16291705,733589
18/1/2023,110,93,998,6371,27904213,27535493,16292703,739960
19/1/2023,141,123,1269,7952,27904354,27535616,16293972,747912
20/1/2023,226,212,1439,7504,27904580,27535828,16295411,755416
21/1/2023,109,108,346,2018,27904689,27535936,16295757,757434
22/1/2023,21,32,105,762,27904710,27535968,16295862,758196
23/1/2023,24,17,282,1617,27904734,27535985,16296144,759813
24/1/2023,35,41,521,2048,27904769,27536026,16296665,761861
25/1/2023,297,72,756,3942,27905066,27536098,16297421,765803
26/1/2023,227,86,916,4371,27905293,27536184,16298337,770174
27/1/2023,169,175,683,4227,27905462,27536359,16299020,774401
28/1/2023,94,170,439,1809,27905556,27536529,16299459,776210
29/1/2023,70,97,510,1528,27905626,27536626,16299969,777738
30/1/2023,67,76,533,3008,27905693,27536702,16300502,780746
31/1/2023,55,125,608,3189,27905748,27536827,16301110,783935
1/2/2023,64,39,424,1721,27905812,27536866,16301534,785656
2/2/2023,73,106,507,2048,27905885,27536972,16302041,787704
3/2/2023,291,237,553,2255,27906176,27537209,16302594,789959
4/2/2023,156,197,302,747,27906332,27537406,16302896,790706
5/2/2023,89,77,193,497,27906421,27537483,16303089,791203
6/2/2023,59,59,355,961,27906480,27537542,16303444,792164
7/2/2023,119,37,351,1286,27906599,27537579,16303795,793450
8/2/2023,78,60,403,1108,27906677,27537639,16304198,794558
9/2/2023,88,93,525,1230,27906765,27537732,16304723,795788
10/2/2023,174,262,653,1578,27906939,27537994,16305376,797366
11/2/2023,117,181,334,675,27907056,27538175,16305710,798041
12/2/2023,57,88,225,527,27907113,27538263,16305935,798568
13/2/2023,37,91,448,822,27907150,27538354,16306383,799390
14/2/2023,63,67,341,792,27907213,27538421,16306724,800182
15/2/2023,57,56,408,842,27907270,27538477,16307132,801024
16/2/2023,79,83,606,973,27907349,27538560,16307738,801997
17/2/2023,228,185,675,1723,27907577,27538745,16308413,803720
18/2/2023,148,130,342,355,27907725,27538875,16308755,804075
19/2/2023,37,64,211,228,27907762,27538939,16308966,804303
20/2/2023,61,46,323,547,27907823,27538985,16309289,804850
21/2/2023,86,97,327,480,27907909,27539082,16309616,805330
22/2/2023,60,39,248,450,27907969,27539121,16309864,805780
23/2/2023,179,123,450,708,27908148,27539244,16310314,806488
24/2/2023,254,233,537,1228,27908402,27539477,16310851,807716
25/2/2023,122,152,257,214,27908524,27539629,16311108,807930
26/2/2023,47,57,261,282,27908571,27539686,16311369,808212
27/2/2023,75,36,263,393,27908646,27539722,16311632,808605
28/2/2023,69,61,279,483,27908715,27539783,16311911,809088
1/3/2023,110,52,351,532,27908825,27539835,16312262,809620
2/3/2023,66,78,377,420,27908891,27539913,16312639,810040
3/3/2023,145,156,478,489,27909036,27540069,16313117,810529
4/3/2023,98,169,237,239,27909134,27540238,16313354,810768
5/3/2023,49,72,155,153,27909183,27540310,16313509,810921
6/3/2023,41,49,230,221,27909224,27540359,16313739,811142
7/3/2023,44,64,272,216,27909268,27540423,16314011,811358
8/3/2023,54,53,273,309,27909322,27540476,16314284,811667
9/3/2023,83,80,389,377,27909405,27540556,16314673,812044
10/3/2023,97,187,479,422,27909502,27540743,16315152,812466
11/3/2023,79,131,178,189,27909581,27540874,16315330,812655
12/3/2023,48,81,164,103,27909629,27540955,16315494,812758
13/3/2023,46,75,279,199,27909675,27541030,16315773,812957
14/3/2023,35,60,270,256,27909710,27541090,16316043,813213
15/3/2023,59,63,240,288,27909769,27541153,16316283,813501
16/3/2023,82,116,324,280,27909851,27541269,16316607,813781
17/3/2023,110,173,434,362,27909961,27541442,16317041,814143
18/3/2023,78,154,184,447,27910039,27541596,16317225,814590
19/3/2023,18,42,104,76,27910057,27541638,16317329,814666
20/3/2023,32,34,189,186,27910089,27541672,16317518,814852
21/3/2023,26,48,218,217,27910115,27541720,16317736,815069
22/3/2023,90,64,241,199,27910205,27541784,16317977,815268
23/3/2023,23,40,179,120,27910228,27541824,16318156,815388
24/3/2023,85,133,312,217,27910313,27541957,16318468,815605
25/3/2023,46,79,174,94,27910359,27542036,16318642,815699
26/3/2023,32,44,165,52,27910391,27542080,16318807,815751
27/3/2023,77,26,309,142,27910468,27542106,16319116,815893
28/3/2023,35,25,352,157,27910503,27542131,16319468,816050
29/3/2023,22,47,308,148,27910525,27542178,16319776,816198
30/3/2023,42,82,409,173,27910567,27542260,16320185,816371
31/3/2023,70,100,345,261,27910637,27542360,16320530,816632
1/4/2023,48,102,170,114,27910685,27542462,16320700,816746
2/4/2023,20,76,145,84,27910705,27542538,16320845,816830
3/4/2023,39,23,223,113,27910744,27542561,16321068,816943
4/4/2023,37,70,186,116,27910781,27542631,16321254,817059
5/4/2023,33,34,254,168,27910814,27542665,16321508,817227
6/4/2023,62,47,319,177,27910876,27542712,16321827,817404
7/4/2023,46,71,249,143,27910922,27542783,16322076,817547
8/4/2023,45,78,123,66,27910967,27542861,16322199,817613
9/4/2023,22,36,134,51,27910989,27542897,16322333,817664
10/4/2023,22,16,286,131,27911011,27542913,16322619,817795
11/4/2023,33,27,348,109,27911044,27542940,16322967,817904
12/4/2023,44,24,305,143,27911088,27542964,16323272,818047
13/4/2023,41,44,334,170,27911129,27543008,16323606,818217
14/4/2023,60,156,326,163,27911189,27543164,16323932,818380
15/4/2023,38,86,139,89,27911227,27543250,16324071,818469
16/4/2023,31,30,184,45,27911258,27543280,16324255,818514
17/4/2023,63,27,238,123,27911321,27543307,16324493,818637
18/4/2023,17,36,236,126,27911338,27543343,16324729,818763
19/4/2023,24,25,252,119,27911362,27543368,16324981,818882
20/4/2023,29,109,242,217,27911391,27543477,16325223,819099
21/4/2023,41,95,54,51,27911432,27543572,16325277,819150
22/4/2023,8,48,25,16,27911440,27543620,16325302,819166
23/4/2023,9,15,27,10,27911449,27543635,16325329,819176
24/4/2023,8,12,56,65,27911457,27543647,16325385,819241
25/4/2023,14,43,186,87,27911471,27543690,16325571,819328
26/4/2023,18,53,259,129,27911489,27543743,16325830,819457
27/4/2023,14,44,398,267,27911503,27543787,16326228,819724
28/4/2023,74,161,384,240,27911577,27543948,16326612,819964
29/4/2023,72,55,177,112,27911649,27544003,16326789,820076
30/4/2023,52,56,285,120,27911701,27544059,16327074,820196
1/5/2023,31,7,23,49,27911732,27544066,16327097,820245
2/5/2023,33,35,162,55,27911765,27544101,16327259,820300
3/5/2023,25,29,230,103,27911790,27544130,16327489,820403
4/5/2023,7,16,89,64,27911797,27544146,16327578,820467
5/5/2023,103,104,307,144,27911900,27544250,16327885,820611
6/5/2023,49,46,89,49,27911949,27544296,16327974,820660
7/5/2023,22,30,166,38,27911971,27544326,16328140,820698
8/5/2023,45,25,272,174,27912016,27544351,16328412,820872
9/5/2023,262,25,306,77,27912278,27544376,16328718,820949
10/5/2023,126,43,247,110,27912404,27544419,16328965,821059
11/5/2023,41,49,364,218,27912445,27544468,16329329,821277
12/5/2023,45,84,248,147,27912490,27544552,16329577,821424
13/5/2023,59,66,135,112,27912549,27544618,16329712,821536
14/5/2023,29,24,149,51,27912578,27544642,16329861,821587
15/5/2023,19,29,252,125,27912597,27544671,16330113,821712
16/5/2023,20,16,228,105,27912617,27544687,16330341,821817
17/5/2023,18,31,177,139,27912635,27544718,16330518,821956
18/5/2023,26,26,260,109,27912661,27544744,16330778,822065
19/5/2023,37,80,230,105,27912698,27544824,16331008,822170
20/5/2023,48,59,127,93,27912746,27544883,16331135,822263
21/5/2023,20,13,115,46,27912766,27544896,16331250,822309
22/5/2023,13,13,163,69,27912779,27544909,16331413,822378
23/5/2023,234,35,177,74,27913013,27544944,16331590,822452
24/5/2023,77,16,151,63,27913090,27544960,16331741,822515
25/5/2023,233,41,193,115,27913323,27545001,16331934,822630
26/5/2023,69,96,153,128,27913392,27545097,16332087,822758
27/5/2023,41,45,103,47,27913433,27545142,16332190,822805
28/5/2023,47,41,91,184,27913480,27545183,16332281,822989
29/5/2023,17,32,156,92,27913497,27545215,16332437,823081
30/5/2023,33,29,145,92,27913530,27545244,16332582,823173
31/5/2023,122,44,128,103,27913652,27545288,16332710,823276
1/6/2023,118,17,124,36,27913770,27545305,16332834,823312
2/6/2023,66,24,132,78,27913836,27545329,16332966,823390
3/6/2023,28,41,139,558,27913864,27545370,16333105,823948
4/6/2023,67,15,70,19,27913931,27545385,16333175,823967
5/6/2023,2,2,25,11,27913933,27545387,16333200,823978
6/6/2023,11,29,99,33,27913944,27545416,16333299,824011
7/6/2023,17,21,190,70,27913961,27545437,16333489,824081
8/6/2023,31,24,149,39,27913992,27545461,16333638,824120
9/6/2023,32,33,97,37,27914024,27545494,16333735,824157
10/6/2023,15,24,71,26,27914039,27545518,16333806,824183
11/6/2023,12,17,67,17,27914051,27545535,16333873,824200
12/6/2023,13,7,87,51,27914064,27545542,16333960,824251
13/6/2023,55,6,130,30,27914119,27545548,16334090,824281
14/6/2023,52,11,112,44,27914171,27545559,16334202,824325
15/6/2023,11,25,79,45,27914182,27545584,16334281,824370
16/6/2023,39,36,149,50,27914221,27545620,16334430,824420
17/6/2023,31,28,64,17,27914252,27545648,16334494,824437
18/6/2023,15,22,55,15,27914267,27545670,16334549,824452
19/6/2023,45,11,93,26,27914312,27545681,16334642,824478
20/6/2023,30,18,111,38,27914342,27545699,16334753,824516
21/6/2023,9,14,82,45,27914351,27545713,16334835,824561
22/6/2023,8,17,116,36,27914359,27545730,16334951,824597
23/6/2023,76,54,145,43,27914435,27545784,16335096,824640
24/6/2023,20,30,54,33,27914455,27545814,16335150,824673
25/6/2023,16,30,59,22,27914471,27545844,16335209,824695
26/6/2023,10,12,86,10,27914481,27545856,16335295,824705
27/6/2023,9,17,119,44,27914490,27545873,16335414,824749
28/6/2023,15,19,88,27,27914505,27545892,16335502,824776
29/6/2023,0,1,5,4,27914505,27545893,16335507,824780
30/6/2023,17,59,110,30,27914522,27545952,16335617,824810
1/7/2023,6,7,33,11,27914528,27545959,16335650,824821
2/7/2023,1,4,80,20,27914529,27545963,16335730,824841
3/7/2023,5,23,190,43,27914534,27545986,16335920,824884
4/7/2023,10,13,142,40,27914544,27545999,16336062,824924
5/7/2023,21,12,130,30,27914565,27546011,16336192,824954
6/7/2023,23,34,234,42,27914588,27546045,16336426,824996
7/7/2023,8,23,136,35,27914596,27546068,16336562,825031
8/7/2023,7,16,45,23,27914603,27546084,16336607,825054
9/7/2023,2,4,57,19,27914605,27546088,16336664,825073
10/7/2023,11,14,84,31,27914616,27546102,16336748,825104
11/7/2023,12,11,88,28,27914628,27546113,16336836,825132
12/7/2023,10,8,108,62,27914638,27546121,16336944,825194
13/7/2023,4,10,51,22,27914642,27546131,16336995,825216
14/7/2023,1,7,53,27,27914643,27546138,16337048,825243
15/7/2023,6,6,10,3,27914649,27546144,16337058,825246
16/7/2023,1,2,19,3,27914650,27546146,16337077,825249
17/7/2023,205,6,38,7,27914855,27546152,16337115,825256
18/7/2023,6,7,54,18,27914861,27546159,16337169,825274
19/7/2023,3,3,15,12,27914864,27546162,16337184,825286
20/7/2023,8,7,49,24,27914872,27546169,16337233,825310
21/7/2023,5,4,83,24,27914877,27546173,16337316,825334
22/7/2023,2,2,10,9,27914879,27546175,16337326,825343
23/7/2023,0,4,23,13,27914879,27546179,16337349,825356
24/7/2023,3,3,65,22,27914882,27546182,16337414,825378
25/7/2023,2,5,55,24,27914884,27546187,16337469,825402
26/7/2023,24,13,80,29,27914908,27546200,16337549,825431
27/7/2023,1,12,74,23,27914909,27546212,16337623,825454
28/7/2023,10,22,143,22,27914919,27546234,16337766,825476
29/7/2023,0,10,23,10,27914919,27546244,16337789,825486
30/7/2023,5,3,46,20,27914924,27546247,16337835,825506
31/7/2023,4,2,60,27,27914928,27546249,16337895,825533
1/8/2023,6,4,33,12,27914934,27546253,16337928,825545
2/8/2023,3,7,40,8,27914937,27546260,16337968,825553
3/8/2023,2,1,53,10,27914939,27546261,16338021,825563
4/8/2023,7,7,59,25,27914946,27546268,16338080,825588
5/8/2023,1,2,19,10,27914947,27546270,16338099,825598
6/8/2023,3,1,12,5,27914950,27546271,16338111,825603
7/8/2023,3,9,60,13,27914953,27546280,16338171,825616
8/8/2023,2,6,41,30,27914955,27546286,16338212,825646
9/8/2023,4,5,58,27,27914959,27546291,16338270,825673
10/8/2023,9,2,72,25,27914968,27546293,16338342,825698
11/8/2023,14,19,86,36,27914982,27546312,16338428,825734
12/8/2023,9,5,16,7,27914991,27546317,16338444,825741
13/8/2023,3,3,34,19,27914994,27546320,16338478,825760
14/8/2023,1,0,38,18,27914995,27546320,16338516,825778
15/8/2023,0,3,49,24,27914995,27546323,16338565,825802
16/8/2023,7,3,64,26,27915002,27546326,16338629,825828
17/8/2023,13,9,83,31,27915015,27546335,16338712,825859
18/8/2023,13,21,88,37,27915028,27546356,16338800,825896
19/8/2023,7,7,25,8,27915035,27546363,16338825,825904
20/8/2023,1,2,29,8,27915036,27546365,16338854,825912
21/8/2023,4,4,43,19,27915040,27546369,16338897,825931
22/8/2023,7,3,48,23,27915047,27546372,16338945,825954
23/8/2023,7,6,35,21,27915054,27546378,16338980,825975
24/8/2023,8,1,64,20,27915062,27546379,16339044,825995
25/8/2023,27,12,72,25,27915089,27546391,16339116,826020
26/8/2023,8,10,37,15,27915097,27546401,16339153,826035
27/8/2023,3,6,43,12,27915100,27546407,16339196,826047
28/8/2023,7,14,34,32,27915107,27546421,16339230,826079
29/8/2023,6,1,53,29,27915113,27546422,16339283,826108
30/8/2023,13,5,67,34,27915126,27546427,16339350,826142
31/8/2023,4,4,20,15,27915130,27546431,16339370,826157
1/9/2023,12,6,63,34,27915142,27546437,16339433,826191
2/9/2023,10,13,25,10,27915152,27546450,16339458,826201
3/9/2023,3,4,45,10,27915155,27546454,16339503,826211
4/9/2023,6,0,40,17,27915161,27546454,16339543,826228
5/9/2023,11,0,107,32,27915172,27546454,16339650,826260
6/9/2023,18,12,54,32,27915190,27546466,16339704,826292
7/9/2023,33,16,94,28,27915223,27546482,16339798,826320
8/9/2023,13,14,112,22,27915236,27546496,16339910,826342
9/9/2023,5,7,28,12,27915241,27546503,16339938,826354
10/9/2023,2,5,51,13,27915243,27546508,16339989,826367
11/9/2023,5,6,56,21,27915248,27546514,16340045,826388
12/9/2023,5,4,58,29,27915253,27546518,16340103,826417
13/9/2023,7,5,57,19,27915260,27546523,16340160,826436
14/9/2023,24,22,76,22,27915284,27546545,16340236,826458
15/9/2023,18,14,73,36,27915302,27546559,16340309,826494
16/9/2023,2,4,26,9,27915304,27546563,16340335,826503
17/9/2023,3,3,27,19,27915307,27546566,16340362,826522
18/9/2023,6,0,68,14,27915313,27546566,16340430,826536
19/9/2023,6,11,51,21,27915319,27546577,16340481,826557
20/9/2023,6,6,62,12,27915325,27546583,16340543,826569
21/9/2023,7,2,57,16,27915332,27546585,16340600,826585
22/9/2023,22,6,108,29,27915354,27546591,16340708,826614
23/9/2023,8,10,38,30,27915362,27546601,16340746,826644
24/9/2023,8,6,59,18,27915370,27546607,16340805,826662
25/9/2023,2,1,70,27,27915372,27546608,16340875,826689
26/9/2023,4,87,97,26,27915376,27546695,16340972,826715
27/9/2023,5,16,91,18,27915381,27546711,16341063,826733
28/9/2023,3,0,19,6,27915384,27546711,16341082,826739
29/9/2023,13,11,90,24,27915397,27546722,16341172,826763
30/9/2023,9,4,25,20,27915406,27546726,16341197,826783
1/10/2023,2,3,38,12,27915408,27546729,16341235,826795
2/10/2023,4,5,85,25,27915412,27546734,16341320,826820
3/10/2023,1,3,68,22,27915413,27546737,16341388,826842
4/10/2023,3,7,66,27,27915416,27546744,16341454,826869
5/10/2023,27,1,75,26,27915443,27546745,16341529,826895
